 -0.37445309063913806     
  0.54864003567140729     
 -0.42076712436253283     
  0.31795509814937867     
 -0.28434716350327816     
  0.21617352907255205     
 -0.17994540255651362     
  0.14804457837574431     
 -0.11607402179027308     
   9.8518839917506276E-002
  -7.7087744332744401E-002
   6.4234297140915969E-002
  -5.1844465577231783E-002
   4.1754647585144924E-002
  -3.4721025761134519E-002
   2.7394783034375599E-002
  -2.2991056643260555E-002
   1.8188974489350893E-002
  -1.5075796362133558E-002
   1.2163121303010420E-002
  -9.8491770089675322E-003
   8.1326464888828078E-003
  -6.4530131604241059E-003
   5.4061590043416692E-003
  -4.2570276165386318E-003
   3.5637256184238761E-003
  -2.8276068873386768E-003
   2.3302819931443298E-003
  -1.8834605996290469E-003
   1.5138732992619518E-003
  -1.2489246365201202E-003
   9.7710268246025658E-004
  -8.1530551313717360E-004
   6.2227629261264370E-004
  -5.1370113039549430E-004
   3.8129703544153713E-004
  -2.9793566660435362E-004
   2.0729397724387086E-004
  -1.3454009987899838E-004
   6.7391209546279111E-005     
  -0.12596424113777879     
   0.16811898467786812     
  -8.9566143651296087E-002
   4.7436035942618943E-002
  -4.3771582626556380E-002
   2.3220681903699750E-002
  -1.8269150131734416E-002
   1.4215736903767902E-002
  -8.3908660413167437E-003
   8.1596690747989618E-003
  -4.8500186838043319E-003
   4.3280019206383569E-003
  -3.1988951886840308E-003
   2.2754537031384131E-003
  -2.1023721783417679E-003
   1.2899422020455980E-003
  -1.3050232124057200E-003
   8.1806319218575207E-004
  -7.6529287447359997E-004
   5.5909061731930596E-004
  -4.3557518165372142E-004
   3.8660618899421557E-004
  -2.5151065397744558E-004
   2.5902357663386993E-004
  -1.5441156437669658E-004
   1.6509168706615678E-004
  -1.0290065123610428E-004
   1.0001979285530088E-004
  -7.2909445859842173E-005
   5.8437814968894727E-005
  -5.2712516012078030E-005
   3.4082191246806006E-005
  -3.7630151567746767E-005
   2.1059671630315114E-005
  -2.6224739511542204E-005
   1.4783730306762947E-005
  -1.8165518506575813E-005
   1.2245652090295746E-005
  -1.3308472053132171E-005
   1.1833709777806235E-005
   1000 #nwalk
   100  #neq
   10   #nav
   10   #ncorr
   3.d0  #sigma
   181     #nla
   2      #iarray
   3
   138.03919333333d0     #m
   600.d0               #lambda